1697589271226 0.8217941614659644 0
1697589786870 0.8086875999756876 1
1697590299869 0.8069789340439447 2
1697590807398 0.8036241273121144 3
1697591319656 0.805504799154033 4
1697591834472 0.8034924648318286 5
1697592345004 0.7979262129761513 6
1697592856020 0.7889942816273567 7
1697593392846 0.7870357420205788 8
1697593905222 0.7839353843093531 9
1697594416991 0.7808978618838492 10
1697594929102 0.7768472276980836 11
1697595440047 0.7720716024435091 12
1697595951876 0.7692753065130707 13
1697596459564 0.7638552228935294 14
1697596967572 0.7620721281179039 15
1697597506591 0.7579418017258536 16
1697598009085 0.7556283190223578 17
1697598520273 0.7538561280643488 18
1697599041979 0.7514580908193802 19
1697599559524 0.7483420962013315 20
1697600069415 0.7464560992915404 21
1697600576696 0.745254386217954 22
1697601088446 0.7429529082657579 23
1697601630476 0.7414970231705504 24
1697602148077 0.7392976364482196 25
1697602669265 0.7370364580232557 26
1697603188298 0.7359220878628621 27
1697603703143 0.7348453570465101 28
1697604219508 0.7334555406865768 29
1697604737568 0.7339778991395145 30
1697605251981 0.7334236363671982 31
1697605799912 0.7327143294358627 32
1697606316623 0.7315069667962901 33
1697606829628 0.7306507737284617 34
1697607346212 0.7299310694534139 35
1697607840580 0.7301943196536534 36
1697608318397 0.7282502940919164 37
1697608787164 0.7283438399936935 38
1697609251998 0.7266210725019084 39
1697609741664 0.7285238854305758 40
1697610201366 0.7265116072846625 41
1697610661168 0.7267315173509998 42
1697611116987 0.7254307593525888 43
1697611577317 0.7258636915357621 44
1697612072101 0.7262320775420215 45
1697612565986 0.7264982380977589 46
1697613059617 0.7247897230110438 47
1697613579496 0.7258508412747959 48
1697614070168 0.7252946603862698 49
1697614570985 0.7251383806331143 50
1697615063829 0.7245519172150366 51
1697615559583 0.7251580057831509 52
1697616049607 0.7237219078774884 53
1697616542332 0.722872829688885 54
1697617034613 0.7245606726498227 55
1697617553831 0.7248143258337566 56
1697618046449 0.7227772583714493 57
1697618540491 0.7222904805391468 58
1697619032999 0.7232546965921278 59
1697619523676 0.7226892784393061 60
1697620017896 0.7214989078126008 61
1697620512884 0.7207511283510046 62
1697621006051 0.7206880121558197 63
1697621538276 0.7213552190416535 64
1697622030225 0.7214267523714841 65
1697622523035 0.7207499195380171 66
1697623017312 0.720185876736921 67
1697623512420 0.7204357609949481 68
1697624004494 0.7195037242654727 69
1697624500813 0.7196690425361598 70
1697624990110 0.7198352285299578 71
1697625512500 0.7207544503941565 72
1697626003844 0.7203437700286175 73
1697626501488 0.719516300622034 74
1697626987779 0.7200548994162069 75
1697627468130 0.7188075532715877 76
1697627953121 0.7183604324514576 77
1697628440507 0.7192567079170862 78
1697628924028 0.7183272338314133 79
1697629435170 0.7199998113955656 80
1697629891300 0.7190203231633528 81
1697630345058 0.7182092285209225 82
1697630801064 0.7181681796024779 83
1697631256884 0.7188680811965321 84
1697631715260 0.7178046689101713 85
1697632241863 0.7183190748238295 86
1697632794246 0.7175112985071416 87
1697633379786 0.719587133646231 88
1697633936790 0.7189028188596581 89
1697634492899 0.7186547812944054 90
1697635050773 0.718449847662785 91
1697635630387 0.718636497592383 92
1697636203797 0.7180538936350648 93
1697636790072 0.7187761840613712 94
1697637381318 0.7182182264467061 95
1697638012767 0.7194888861833976 96
1697638624721 0.7188876691319482 97
1697639237987 0.7184065642116501 98
1697639855113 0.7184363672955469 99
