1686430962371 0.9148141069014502 0
1686431478413 0.8247787748802173 1
1686431994429 0.7919904454981779 2
1686432510196 0.765928378288588 3
1686433025244 0.7548502849350537 4
1686433541321 0.750031444434076 5
1686434058593 0.7460107431860703 6
1686434574713 0.7439864309872708 7
1686435118782 0.7422055570785348 8
1686435634525 0.7401134295358275 9
1686436150750 0.7357644009732518 10
1686436668057 0.7344789056045581 11
1686437185978 0.7317965642195114 12
1686437703522 0.7300289444353262 13
1686438220137 0.7290455244461905 14
1686438735092 0.7273933098492001 15
1686439281037 0.7258099182830517 16
1686439798976 0.7237806148685327 17
1686440316439 0.7197186859791982 18
1686440833200 0.7192208086545393 19
1686441350540 0.7186972446333053 20
1686441868796 0.7180567452550315 21
1686442386433 0.7184797792099629 22
1686442901529 0.7179965539833454 23
1686443446781 0.7163189467811659 24
1686443962901 0.7149399344316208 25
1686444479653 0.7142016653583507 26
1686444996590 0.7141421105758694 27
1686445513859 0.7128743856520375 28
1686446030959 0.7130885455297473 29
1686446545746 0.7132609317971839 30
1686447060368 0.7132335079327141 31
1686447602875 0.7113389776280296 32
1686448122467 0.710947243079032 33
1686448638406 0.7099767736454272 34
1686449154810 0.7101278816258108 35
1686449668074 0.7088865748446379 36
1686450184636 0.7091703128192246 37
1686450698016 0.7093132604676606 38
1686451211436 0.7097361384787637 39
1686451753954 0.7081617676667549 40
1686452269633 0.7071329449104147 41
1686452786375 0.7056972801379074 42
1686453302934 0.7062765783509386 43
1686453817105 0.7051638798024352 44
1686454334061 0.70617873462401 45
1686454847695 0.7049281015410687 46
1686455363798 0.7047209805903245 47
1686455909647 0.7050711519231044 48
1686456424067 0.704256993931973 49
1686456940794 0.7027298470798954 50
1686457457195 0.7036668524247477 51
1686457971161 0.7040506050232764 52
1686458484968 0.7027514253353314 53
1686458998996 0.7030156853629093 54
1686459513027 0.7015399160095096 55
1686460057996 0.7016193680097642 56
1686460572777 0.7010655193887739 57
1686461090173 0.7000702009848664 58
1686461606955 0.6996966271148161 59
1686462123930 0.6999387610639041 60
1686462638786 0.6995949752462223 61
1686463155552 0.7003311402366288 62
1686463669966 0.6990090165431592 63
1686464215375 0.6988140181355877 64
1686464731789 0.6982061788450097 65
1686465248601 0.6977918538396979 66
1686465765786 0.6967025864639145 67
1686466283239 0.6970744804448012 68
1686466798691 0.6966076256781547 69
1686467313332 0.6965001501187469 70
1686467827798 0.6954240516860722 71
1686468370657 0.6964900301971054 72
1686468882642 0.6960144183351304 73
1686469394636 0.6942739195334316 74
1686469911187 0.6950148412410194 75
1686470424426 0.6942746936240274 76
1686470937467 0.6950770218394529 77
1686471450380 0.6943204777387426 78
1686471963286 0.6939113117260927 79
1686472508254 0.6937885598091212 80
1686473023432 0.6933804735046777 81
1686473535801 0.6923545441550027 82
1686474040142 0.6921280000196895 83
1686474544367 0.6925201474287629 84
1686475046460 0.6923184280941146 85
1686475548162 0.6918358848485958 86
1686476051926 0.6916995897440095 87
1686476584513 0.6923243115880179 88
1686477086378 0.6912785820655732 89
1686477590331 0.6906262003635469 90
1686478094702 0.6909686059955755 91
1686478596910 0.690494378098778 92
1686479101014 0.6907761552866557 93
1686479602730 0.6905503320687348 94
1686480104437 0.6911754429365194 95
1686480635821 0.6912076652340161 96
1686481138836 0.6904775947021985 97
1686481644419 0.6898351925443468 98
1686482149649 0.6902405303512211 99
