1696500144105 0.7352053975764112 0
1696500752352 0.7567803210441378 1
1696501275228 0.7716555280199383 2
1696501796390 0.7787842588976942 3
1696502312446 0.7854387216179954 4
1696502855852 0.7878491272282028 5
1696503483216 0.7861383376130129 6
1696504001671 0.7845533317599822 7
1696504550191 0.787891816722768 8
1696505071200 0.7864122912546377 9
1696505593114 0.7894527885983709 10
1696506113734 0.7865727148094437 11
1696506633204 0.7758061441840802 12
1696507151067 0.7615593342197685 13
1696507673690 0.7518157779533091 14
1696508192304 0.7452626816350012 15
1696508740133 0.7349896216420747 16
1696509267425 0.7296137365429389 17
1696509777806 0.7275651305471091 18
1696510303238 0.7279345170439424 19
1696510865062 0.7237299962964857 20
1696511393019 0.71930455797299 21
1696511919085 0.7199762184377214 22
1696512405668 0.7170388032091838 23
1696512920215 0.7156298261240209 24
1696513437462 0.7152047612206536 25
1696513972889 0.7142622540053717 26
1696514509343 0.7146961908508648 27
1696515043246 0.7153772776068259 28
1696515578924 0.7151256659149776 29
1696516113330 0.7139625781080058 30
1696516650259 0.7162252953773968 31
1696517212938 0.7157628468158542 32
1696517747694 0.7153332981363367 33
1696518278728 0.7161236096050918 34
1696518798558 0.7134919646646791 35
1696519333636 0.7165826109610834 36
1696519866732 0.715057361988438 37
1696520401730 0.7145967015357932 38
1696520937333 0.7137874762989749 39
1696521503148 0.7132960639961643 40
1696522039633 0.7125689052671315 41
1696522573812 0.7138689795627707 42
1696523107940 0.7133963702370965 43
1696523642137 0.7131313583682335 44
1696524174611 0.7125004931400756 45
1696524710009 0.7102524637265464 46
1696525246298 0.7118341592662352 47
1696525809416 0.7123562038423137 48
1696526343455 0.7114748323713636 49
1696526878021 0.7111549918443987 50
1696527412279 0.7105922013616384 51
1696527947727 0.709603913541205 52
1696528482396 0.7094721279613112 53
1696529018243 0.7091826317856964 54
1696529553144 0.7094197626859509 55
1696530211475 0.7090384624236792 56
1696530888733 0.7084953673364983 57
1696531566357 0.7089515401826701 58
1696532241690 0.7078981084999749 59
1696532812190 0.7079961957111738 60
1696533347901 0.7070696186711434 61
1696533888115 0.7069936425731242 62
1696534426753 0.7073909098399114 63
1696534992978 0.7060250996320032 64
1696535533256 0.7068284044926605 65
1696536069078 0.7065932187516232 66
1696536602476 0.7062300546453026 67
1696537134009 0.7070195537493504 68
1696537669425 0.7057833308031982 69
1696538207727 0.7061002999109587 70
1696538744826 0.7059972546792928 71
1696539313011 0.7054402808455508 72
1696539852886 0.7050411657829481 73
1696540393864 0.7051602828305656 74
1696540928518 0.7049052567303867 75
1696541465562 0.7053745631591559 76
1696542000352 0.7042767287393259 77
1696542536623 0.7043284681203912 78
1696543069085 0.7048515610654492 79
1696543631782 0.7049183171762478 80
1696544164675 0.7035242624207348 81
1696544701613 0.7041661011280409 82
1696545235237 0.7035380301749006 83
1696545773435 0.7034576083865204 84
1696546309946 0.7032631848391816 85
1696546848870 0.7032368698644565 86
1696547387413 0.7039751891973299 87
1696547955958 0.702776506941125 88
1696548492318 0.7026861791659719 89
1696549028160 0.7027696981775713 90
1696549564165 0.7031686193759931 91
1696550102002 0.7035372583357232 92
1696550637246 0.7024900609628142 93
1696551177080 0.7026327706230894 94
1696551714020 0.703272441678073 95
1696552284838 0.7031289030260012 96
1696552819122 0.7030425610732344 97
1696553354004 0.7028965877834384 98
1696553890968 0.7030504352763997 99
